
magData t=43003 x=(-480,212,-437) (-830,-292,-754) (-204,221,-202)
magData t=43013 x=(-479,213,-436) (-830,-292,-754) (-204,221,-202)
magData t=43023 x=(-487,213,-437) (-830,-292,-754) (-204,221,-202)
magData t=43032 x=(-484,210,-443) (-830,-292,-754) (-204,221,-202)
magData t=43042 x=(-487,210,-433) (-830,-292,-754) (-204,221,-202)
magData t=43053 x=(-485,213,-433) (-830,-292,-754) (-204,221,-202)
magData t=43062 x=(-487,208,-435) (-830,-292,-754) (-204,221,-202)
magData t=43072 x=(-488,213,-434) (-830,-292,-754) (-204,221,-202)
magData t=43083 x=(-488,205,-437) (-830,-292,-754) (-204,221,-202)
magData t=43091 x=(-485,207,-437) (-830,-292,-754) (-204,221,-202)
magData t=43102 x=(-482,206,-438) (-830,-292,-754) (-204,221,-202)
magData t=43112 x=(-484,207,-432) (-830,-292,-754) (-204,221,-202)
magData t=43121 x=(-482,211,-434) (-830,-292,-754) (-204,221,-202)
magData t=43131 x=(-482,212,-440) (-830,-292,-754) (-204,221,-202)
magData t=43142 x=(-496,212,-435) (-830,-292,-754) (-204,221,-202)
magData t=43150 x=(-487,213,-437) (-830,-292,-754) (-204,221,-202)
magData t=43161 x=(-485,205,-436) (-830,-292,-754) (-204,221,-202)
magData t=43171 x=(-482,206,-438) (-830,-292,-754) (-204,221,-202)
magData t=43180 x=(-484,212,-438) (-830,-292,-754) (-204,221,-202)
magData t=43190 x=(-484,213,-437) (-830,-292,-754) (-204,221,-202)
magData t=43201 x=(-484,210,-438) (-830,-292,-754) (-204,221,-202)
magData t=43211 x=(-494,209,-436) (-830,-292,-754) (-204,221,-202)
magData t=43220 x=(-485,211,-436) (-830,-292,-754) (-204,221,-202)
magData t=43230 x=(-486,210,-438) (-830,-292,-754) (-204,221,-202)
magData t=43239 x=(-485,209,-437) (-830,-292,-754) (-204,221,-202)
magData t=43250 x=(-488,214,-441) (-830,-292,-754) (-204,221,-202)
magData t=43260 x=(-489,211,-442) (-830,-292,-754) (-204,221,-202)
magData t=43270 x=(-489,215,-442) (-830,-292,-754) (-204,221,-202)
magData t=43279 x=(-484,209,-437) (-830,-292,-754) (-204,221,-202)
magData t=43289 x=(-494,212,-446) (-830,-292,-754) (-204,221,-202)
magData t=43300 x=(-491,216,-440) (-830,-292,-754) (-204,221,-202)
magData t=43308 x=(-484,213,-441) (-830,-292,-754) (-204,221,-202)
magData t=43319 x=(-492,208,-444) (-830,-292,-754) (-204,221,-202)
magData t=43329 x=(-494,210,-450) (-830,-292,-754) (-204,221,-202)
magData t=43338 x=(-492,216,-446) (-830,-292,-754) (-204,221,-202)
magData t=43349 x=(-489,210,-447) (-830,-292,-754) (-204,221,-202)
magData t=43359 x=(-495,213,-450) (-830,-292,-754) (-204,221,-202)
magData t=43368 x=(-490,210,-450) (-830,-292,-754) (-204,221,-202)
magData t=43378 x=(-491,213,-455) (-830,-292,-754) (-204,221,-202)
magData t=43388 x=(-498,217,-457) (-830,-292,-754) (-204,221,-202)
magData t=43397 x=(-502,208,-464) (-830,-292,-754) (-204,221,-202)
magData t=43408 x=(-496,206,-462) (-830,-292,-754) (-204,221,-202)
magData t=43418 x=(-499,209,-469) (-830,-292,-754) (-204,221,-202)
magData t=43427 x=(-502,215,-472) (-830,-292,-754) (-204,221,-202)
magData t=43437 x=(-506,211,-481) (-830,-292,-754) (-204,221,-202)
magData t=43448 x=(-516,214,-480) (-830,-292,-754) (-204,221,-202)
magData t=43457 x=(-510,212,-482) (-830,-292,-754) (-204,221,-202)
magData t=43467 x=(-515,209,-496) (-830,-292,-754) (-204,221,-202)
magData t=43478 x=(-512,203,-501) (-830,-292,-754) (-204,221,-202)
magData t=43486 x=(-513,199,-505) (-830,-292,-754) (-204,221,-202)
magData t=43497 x=(-522,203,-512) (-830,-292,-754) (-204,221,-202)
magData t=43507 x=(-522,200,-521) (-830,-292,-754) (-204,221,-202)
magData t=43516 x=(-523,202,-536) (-830,-292,-754) (-204,221,-202)
magData t=43526 x=(-529,197,-542) (-830,-292,-754) (-204,221,-202)
magData t=43537 x=(-536,198,-545) (-830,-292,-754) (-204,221,-202)
magData t=43544 x=(-535,185,-562) (-830,-292,-754) (-204,221,-202)
magData t=43556 x=(-541,188,-568) (-830,-292,-754) (-204,221,-202)
magData t=43566 x=(-545,179,-577) (-830,-292,-754) (-204,221,-202)
magData t=43574 x=(-541,171,-585) (-830,-292,-754) (-204,221,-202)
magData t=43586 x=(-545,167,-593) (-830,-292,-754) (-204,221,-202)
magData t=43596 x=(-545,163,-606) (-830,-292,-754) (-204,221,-202)
magData t=43604 x=(-546,154,-616) (-830,-292,-754) (-204,221,-202)
magData t=43614 x=(-549,147,-625) (-830,-292,-754) (-204,221,-202)
magData t=43626 x=(-553,136,-637) (-830,-292,-754) (-204,221,-202)
magData t=43633 x=(-550,128,-649) (-830,-292,-754) (-204,221,-202)
magData t=43644 x=(-550,123,-655) (-830,-292,-754) (-204,221,-202)
magData t=43655 x=(-553,115,-667) (-830,-292,-754) (-204,221,-202)
magData t=43663 x=(-554,93,-676) (-830,-292,-754) (-204,221,-202)
magData t=43674 x=(-557,81,-687) (-830,-292,-754) (-204,221,-202)
magData t=43684 x=(-550,81,-689) (-830,-292,-754) (-204,221,-202)
magData t=43693 x=(-552,65,-699) (-830,-292,-754) (-204,221,-202)
magData t=43703 x=(-555,54,-707) (-830,-292,-754) (-204,221,-202)
magData t=43714 x=(-550,43,-711) (-830,-292,-754) (-204,221,-202)
magData t=43722 x=(-552,22,-722) (-830,-292,-754) (-204,221,-202)
magData t=43733 x=(-540,5,-722) (-830,-292,-754) (-204,221,-202)
magData t=43743 x=(-548,-3,-731) (-830,-292,-754) (-204,221,-202)
magData t=43754 x=(-540,-22,-733) (-830,-292,-754) (-204,221,-202)
magData t=43764 x=(-546,-29,-736) (-830,-292,-754) (-204,221,-202)
magData t=43773 x=(-541,-46,-745) (-830,-292,-754) (-204,221,-202)
magData t=43783 x=(-543,-63,-745) (-830,-292,-754) (-204,221,-202)
magData t=43792 x=(-538,-75,-743) (-830,-292,-754) (-204,221,-202)
magData t=43803 x=(-536,-88,-747) (-830,-292,-754) (-204,221,-202)
magData t=43813 x=(-535,-101,-744) (-830,-292,-754) (-204,221,-202)
magData t=43822 x=(-529,-114,-746) (-830,-292,-754) (-204,221,-202)
magData t=43833 x=(-528,-130,-742) (-830,-292,-754) (-204,221,-202)
magData t=43843 x=(-526,-132,-738) (-830,-292,-754) (-204,221,-202)
magData t=43852 x=(-522,-146,-743) (-830,-292,-754) (-204,221,-202)
magData t=43862 x=(-519,-155,-739) (-830,-292,-754) (-204,221,-202)
magData t=43871 x=(-517,-163,-740) (-830,-292,-754) (-204,221,-202)
magData t=43881 x=(-519,-167,-735) (-830,-292,-754) (-204,221,-202)
magData t=43892 x=(-517,-173,-730) (-830,-292,-754) (-204,221,-202)
magData t=43901 x=(-518,-177,-729) (-830,-292,-754) (-204,221,-202)
magData t=43911 x=(-515,-179,-731) (-830,-292,-754) (-204,221,-202)
magData t=43922 x=(-507,-192,-729) (-830,-292,-754) (-204,221,-202)
magData t=43930 x=(-511,-193,-724) (-830,-292,-754) (-204,221,-202)
magData t=43941 x=(-514,-191,-721) (-830,-292,-754) (-204,221,-202)
magData t=43951 x=(-511,-195,-720) (-830,-292,-754) (-204,221,-202)
magData t=43960 x=(-517,-199,-722) (-830,-292,-754) (-204,221,-202)
magData t=43971 x=(-517,-199,-721) (-830,-292,-754) (-204,221,-202)
magData t=43981 x=(-509,-203,-714) (-830,-292,-754) (-204,221,-202)
magData t=43990 x=(-514,-211,-716) (-830,-292,-754) (-204,221,-202)
magData t=44000 x=(-514,-213,-714) (-830,-292,-754) (-204,221,-202)
magData t=44011 x=(-520,-212,-718) (-830,-292,-754) (-204,221,-202)
magData t=44020 x=(-519,-219,-714) (-830,-292,-754) (-204,221,-202)
magData t=44030 x=(-527,-220,-716) (-830,-292,-754) (-204,221,-202)
magData t=44039 x=(-526,-222,-711) (-830,-292,-754) (-204,221,-202)
magData t=44049 x=(-528,-227,-711) (-830,-292,-754) (-204,221,-202)
magData t=44060 x=(-534,-226,-714) (-830,-292,-754) (-204,221,-202)
magData t=44069 x=(-542,-231,-713) (-830,-292,-754) (-204,221,-202)
magData t=44079 x=(-542,-229,-716) (-830,-292,-754) (-204,221,-202)
magData t=44090 x=(-546,-233,-716) (-830,-292,-754) (-204,221,-202)
magData t=44098 x=(-550,-236,-715) (-830,-292,-754) (-204,221,-202)
magData t=44109 x=(-549,-231,-715) (-830,-292,-754) (-204,221,-202)
magData t=44119 x=(-549,-234,-716) (-830,-292,-754) (-204,221,-202)
magData t=44128 x=(-538,-227,-710) (-830,-292,-754) (-204,221,-202)
magData t=44139 x=(-545,-228,-708) (-830,-292,-754) (-204,221,-202)
magData t=44148 x=(-550,-239,-714) (-830,-292,-754) (-204,221,-202)
magData t=44158 x=(-549,-236,-714) (-830,-292,-754) (-204,221,-202)
magData t=44169 x=(-544,-234,-710) (-830,-292,-754) (-204,221,-202)
magData t=44177 x=(-551,-239,-713) (-830,-292,-754) (-204,221,-202)
magData t=44188 x=(-548,-233,-704) (-830,-292,-754) (-204,221,-202)
magData t=44198 x=(-548,-241,-710) (-830,-292,-754) (-204,221,-202)
magData t=44207 x=(-544,-243,-710) (-830,-292,-754) (-204,221,-202)
magData t=44217 x=(-541,-242,-713) (-830,-292,-754) (-204,221,-202)
magData t=44228 x=(-548,-234,-713) (-830,-292,-754) (-204,221,-202)
magData t=44237 x=(-541,-241,-711) (-830,-292,-754) (-204,221,-202)
magData t=44247 x=(-543,-237,-709) (-830,-292,-754) (-204,221,-202)
magData t=44258 x=(-550,-242,-708) (-830,-292,-754) (-204,221,-202)
magData t=44266 x=(-545,-244,-709) (-830,-292,-754) (-204,221,-202)
magData t=44277 x=(-542,-242,-705) (-830,-292,-754) (-204,221,-202)
magData t=44287 x=(-544,-246,-710) (-830,-292,-754) (-204,221,-202)
magData t=44296 x=(-544,-254,-711) (-830,-292,-754) (-204,221,-202)
magData t=44307 x=(-546,-248,-709) (-830,-292,-754) (-204,221,-202)
magData t=44316 x=(-541,-241,-706) (-830,-292,-754) (-204,221,-202)
magData t=44326 x=(-548,-244,-707) (-830,-292,-754) (-204,221,-202)
magData t=44336 x=(-540,-248,-707) (-830,-292,-754) (-204,221,-202)
magData t=44345 x=(-539,-243,-707) (-830,-292,-754) (-204,221,-202)
magData t=44356 x=(-545,-246,-711) (-830,-292,-754) (-204,221,-202)
magData t=44366 x=(-539,-239,-710) (-830,-292,-754) (-204,221,-202)
magData t=44375 x=(-539,-245,-705) (-830,-292,-754) (-204,221,-202)
magData t=44386 x=(-537,-244,-708) (-830,-292,-754) (-204,221,-202)
magData t=44396 x=(-534,-239,-711) (-830,-292,-754) (-204,221,-202)
magData t=44405 x=(-534,-244,-714) (-830,-292,-754) (-204,221,-202)
magData t=44415 x=(-540,-241,-710) (-830,-292,-754) (-204,221,-202)
magData t=44426 x=(-540,-246,-710) (-830,-292,-754) (-204,221,-202)
magData t=44434 x=(-540,-241,-709) (-830,-292,-754) (-204,221,-202)
magData t=44445 x=(-538,-241,-713) (-830,-292,-754) (-204,221,-202)
magData t=44454 x=(-545,-243,-713) (-830,-292,-754) (-204,221,-202)
magData t=44464 x=(-532,-240,-707) (-830,-292,-754) (-204,221,-202)
magData t=44475 x=(-539,-238,-712) (-830,-292,-754) (-204,221,-202)
magData t=44484 x=(-535,-242,-710) (-830,-292,-754) (-204,221,-202)
magData t=44494 x=(-540,-243,-714) (-830,-292,-754) (-204,221,-202)
magData t=44504 x=(-535,-241,-711) (-830,-292,-754) (-204,221,-202)
magData t=44512 x=(-536,-238,-712) (-830,-292,-754) (-204,221,-202)
magData t=44524 x=(-535,-239,-716) (-830,-292,-754) (-204,221,-202)
magData t=44534 x=(-532,-242,-714) (-830,-292,-754) (-204,221,-202)
magData t=44542 x=(-538,-242,-711) (-830,-292,-754) (-204,221,-202)
magData t=44553 x=(-529,-234,-710) (-830,-292,-754) (-204,221,-202)
magData t=44564 x=(-533,-242,-718) (-830,-292,-754) (-204,221,-202)
magData t=44572 x=(-529,-240,-713) (-830,-292,-754) (-204,221,-202)
magData t=44583 x=(-530,-239,-710) (-830,-292,-754) (-204,221,-202)
magData t=44591 x=(-536,-241,-712) (-830,-292,-754) (-204,221,-202)
magData t=44602 x=(-522,-241,-715) (-830,-292,-754) (-204,221,-202)
magData t=44612 x=(-525,-236,-712) (-830,-292,-754) (-204,221,-202)
magData t=44621 x=(-531,-235,-712) (-830,-292,-754) (-204,221,-202)
magData t=44631 x=(-536,-240,-712) (-830,-292,-754) (-204,221,-202)
magData t=44642 x=(-531,-241,-712) (-830,-292,-754) (-204,221,-202)
magData t=44650 x=(-532,-237,-716) (-830,-292,-754) (-204,221,-202)
magData t=44661 x=(-525,-242,-710) (-830,-292,-754) (-204,221,-202)
magData t=44671 x=(-528,-241,-713) (-830,-292,-754) (-204,221,-202)
magData t=44682 x=(-524,-244,-708) (-830,-292,-754) (-204,221,-202)
magData t=44691 x=(-530,-237,-709) (-830,-292,-754) (-204,221,-202)
magData t=44701 x=(-532,-240,-711) (-830,-292,-754) (-204,221,-202)
magData t=44712 x=(-522,-240,-709) (-830,-292,-754) (-204,221,-202)
magData t=44721 x=(-534,-242,-715) (-830,-292,-754) (-204,221,-202)
magData t=44731 x=(-523,-239,-714) (-830,-292,-754) (-204,221,-202)
magData t=44742 x=(-526,-244,-710) (-830,-292,-754) (-204,221,-202)
magData t=44751 x=(-526,-241,-713) (-830,-292,-754) (-204,221,-202)
magData t=44761 x=(-527,-241,-713) (-830,-292,-754) (-204,221,-202)
magData t=44770 x=(-523,-238,-710) (-830,-292,-754) (-204,221,-202)
magData t=44780 x=(-530,-236,-710) (-830,-292,-754) (-204,221,-202)
magData t=44791 x=(-529,-245,-707) (-830,-292,-754) (-204,221,-202)
magData t=44800 x=(-520,-243,-713) (-830,-292,-754) (-204,221,-202)
magData t=44810 x=(-531,-242,-712) (-830,-292,-754) (-204,221,-202)
magData t=44819 x=(-525,-240,-707) (-830,-292,-754) (-204,221,-202)
magData t=44830 x=(-525,-244,-707) (-830,-292,-754) (-204,221,-202)
magData t=44840 x=(-522,-242,-708) (-830,-292,-754) (-204,221,-202)
magData t=44849 x=(-524,-239,-709) (-830,-292,-754) (-204,221,-202)
magData t=44859 x=(-528,-242,-711) (-830,-292,-754) (-204,221,-202)
magData t=44870 x=(-528,-241,-706) (-830,-292,-754) (-204,221,-202)
magData t=44879 x=(-524,-244,-713) (-830,-292,-754) (-204,221,-202)
magData t=44889 x=(-523,-243,-708) (-830,-292,-754) (-204,221,-202)
magData t=44900 x=(-523,-236,-711) (-830,-292,-754) (-204,221,-202)
magData t=44908 x=(-525,-238,-712) (-830,-292,-754) (-204,221,-202)
magData t=44919 x=(-521,-246,-709) (-830,-292,-754) (-204,221,-202)
magData t=44928 x=(-522,-240,-712) (-830,-292,-754) (-204,221,-202)
magData t=44938 x=(-526,-242,-709) (-830,-292,-754) (-204,221,-202)
magData t=44949 x=(-527,-242,-711) (-830,-292,-754) (-204,221,-202)
magData t=44958 x=(-526,-241,-715) (-830,-292,-754) (-204,221,-202)
magData t=44968 x=(-522,-234,-712) (-830,-292,-754) (-204,221,-202)
magData t=44978 x=(-523,-241,-711) (-830,-292,-754) (-204,221,-202)
magData t=44987 x=(-520,-245,-712) (-830,-292,-754) (-204,221,-202)
magData t=44998 x=(-513,-241,-712) (-830,-292,-754) (-204,221,-202)
magData t=45008 x=(-522,-241,-709) (-830,-292,-754) (-204,221,-202)
magData t=45017 x=(-520,-244,-715) (-830,-292,-754) (-204,221,-202)
magData t=45027 x=(-526,-235,-706) (-830,-292,-754) (-204,221,-202)
magData t=45038 x=(-528,-237,-716) (-830,-292,-754) (-204,221,-202)
magData t=45047 x=(-522,-240,-711) (-830,-292,-754) (-204,221,-202)
magData t=45057 x=(-518,-240,-712) (-830,-292,-754) (-204,221,-202)
magData t=45068 x=(-520,-238,-712) (-830,-292,-754) (-204,221,-202)
magData t=45076 x=(-528,-233,-713) (-830,-292,-754) (-204,221,-202)
magData t=45087 x=(-522,-238,-722) (-830,-292,-754) (-204,221,-202)
magData t=45097 x=(-522,-242,-714) (-830,-292,-754) (-204,221,-202)
magData t=45106 x=(-521,-240,-716) (-830,-292,-754) (-204,221,-202)
magData t=45116 x=(-518,-231,-715) (-830,-292,-754) (-204,221,-202)
magData t=45127 x=(-523,-237,-715) (-830,-292,-754) (-204,221,-202)
magData t=45136 x=(-522,-245,-710) (-830,-292,-754) (-204,221,-202)
